250 400

0 20 12
1 15 8
2 25 10
3 10 5
4 30 15
5 18 9
6 22 11
7 12 6
8 28 14
9 16 8
10 35 17
11 8 4
12 40 20
13 14 7
14 26 13
15 20 10
16 32 16
17 18 9
18 24 12
19 10 5
20 30 15
21 25 12.5
22 16 8
23 22 11
24 14 7
25 36 18
26 19 9.5
27 28 14
28 12 6
29 34 17
30 15 7.5

0 1 20
0 2 15
0 3 25
0 4 10
0 5 30
0 6 18
0 7 22
0 8 12
0 9 28
0 10 16
0 11 35
0 12 8
0 13 40
0 14 14
0 15 26
0 16 20
0 17 32
0 18 18
0 19 24
0 20 10
0 21 30
0 22 25
0 23 16
0 24 22
0 25 14
0 26 36
0 27 19
0 28 28
0 29 12
0 30 34
1 2 15
1 3 25
1 4 10
1 5 30
1 6 18
1 7 22
1 8 12
1 9 28
1 10 16
1 11 35
1 12 8
1 13 40
1 14 14
1 15 26
1 16 20
1 17 32
1 18 18
1 19 24
1 20 10
1 21 30
1 22 25
1 23 16
1 24 22
1 25 14
1 26 36
1 27 19
1 28 28
1 29 12
1 30 34
2 3 25
2 4 10
2 5 30
2 6 18
2 7 22
2 8 12
2 9 28
2 10 16
2 11 35
2 12 8
2 13 40
2 14 14
2 15 26
2 16 20
2 17 32
2 18 18
2 19 24
2 20 10
2 21 30
2 22 25
2 23 16
2 24 22
2 25 14
2 26 36
2 27 19
2 28 28
2 29 12
2 30 34
3 4 10
3 5 30
3 6 18
3 7 22
3 8 12
3 9 28
3 10 16
3 11 35
3 12 8
3 13 40
3 14 14
3 15 26
3 16 20
3 17 32
3 18 18
3 19 24
3 20 10
3 21 30
3 22 25
3 23 16
3 24 22
3 25 14
3 26 36
3 27 19
3 28 28
3 29 12
3 30 34
4 5 30
4 6 18
4 7 22
4 8 12
4 9 28
4 10 16
4 11 35
4 12 8
4 13 40
4 14 14
4 15 26
4 16 20
4 17 32
4 18 18
4 19 24
4 20 10
4 21 30
4 22 25
4 23 16
4 24 22
4 25 14
4 26 36
4 27 19
4 28 28
4 29 12
4 30 34
5 6 18
5 7 22
5 8 12
5 9 28
5 10 16
5 11 35
5 12 8
5 13 40
5 14 14
5 15 26
5 16 20
5 17 32
5 18 18
5 19 24
5 20 10
5 21 30
5 22 25
5 23 16
5 24 22
5 25 14
5 26 36
5 27 19
5 28 28
5 29 12
5 30 34
6 7 22
6 8 12
6 9 28
6 10 16
6 11 35
6 12 8
6 13 40
6 14 14
6 15 26
6 16 20
6 17 32
6 18 18
6 19 24
6 20 10
6 21 30
6 22 25
6 23 16
6 24 22
6 25 14
6 26 36
6 27 19
6 28 28
6 29 12
6 30 34
7 8 12
7 9 28
7 10 16
7 11 35
7 12 8
7 13 40
7 14 14
7 15 26
7 16 20
7 17 32
7 18 18
7 19 24
7 20 10
7 21 30
7 22 25
7 23 16
7 24 22
7 25 14
7 26 36
7 27 19
7 28 28
7 29 12
7 30 34
8 9 28
8 10 16
8 11 35
8 12 8
8 13 40
8 14 14
8 15 26
8 16 20
8 17 32
8 18 18
8 19 24
8 20 10
8 21 30
8 22 25
8 23 16
8 24 22
8 25 14
8 26 36
8 27 19
8 28 28
8 29 12
8 30 34
9 10 16
9 11 35
9 12 8
9 13 40
9 14 14
9 15 26
9 16 20
9 17 32
9 18 18
9 19 24
9 20 10
9 21 30
9 22 25
9 23 16
9 24 22
9 25 14
9 26 36
9 27 19
9 28 28
9 29 12
9 30 34
10 11 35
10 12 8
10 13 40
10 14 14
10 15 26
10 16 20
10 17 32
10 18 18
10 19 24
10 20 10
10 21 30
10 22 25
10 23 16
10 24 22
10 25 14
10 26 36
10 27 19
10 28 28
10 29 12
10 30 34
11 12 8
11 13 40
11 14 14
11 15 26
11 16 20
11 17 32
11 18 18
11 19 24
11 20 10
11 21 30
11 22 25
11 23 16
11 24 22
11 25 14
11 26 36
11 27 19
11 28 28
11 29 12
11 30 34
12 13 40
12 14 14
12 15 26
12 16 20
12 17 32
12 18 18
12 19 24
12 20 10
12 21 30
12 22 25
12 23 16
12 24 22
12 25 14
12 26 36
12 27 19
12 28 28
12 29 12
12 30 34
13 14 14
13 15 26
13 16 20
13 17 32
13 18 18
13 19 24
13 20 10
13 21 30
13 22 25
13 23 16
13 24 22
13 25 14
13 26 36
13 27 19
13 28 28
13 29 12
13 30 34
14 15 26
14 16 20
14 17 32
14 18 18
14 19 24
14 20 10
14 21 30
14 22 25
14 23 16
14 24 22
14 25 14
14 26 36
14 27 19
14 28 28
14 29 12
14 30 34
15 16 20
15 17 32
15 18 18
15 19 24
15 20 10
15 21 30
15 22 25
15 23 16
15 24 22
15 25 14
15 26 36
15 27 19
15 28 28
15 29 12
15 30 34
16 17 32
16 18 18
16 19 24
16 20 10
16 21 30
16 22 25
16 23 16
16 24 22
16 25 14
16 26 36
16 27 19
16 28 28
16 29 12
16 30 34
17 18 18
17 19 24
17 20 10
17 21 30
17 22 25
17 23 16
17 24 22
17 25 14
17 26 36
17 27 19
17 28 28
17 29 12
17 30 34
18 19 24
18 20 10
18 21 30
18 22 25
18 23 16
18 24 22
18 25 14
18 26 36
18 27 19
18 28 28
18 29 12
18 30 34
19 20 10
19 21 30
19 22 25
19 23 16
19 24 22
19 25 14
19 26 36
19 27 19
19 28 28
19 29 12
19 30 34
20 21 30
20 22 25
20 23 16
20 24 22
20 25 14
20 26 36
20 27 19
20 28 28
20 29 12
20 30 34
21 22 25
21 23 16
21 24 22
21 25 14
21 26 36
21 27 19
21 28 28
21 29 12
21 30 34
22 23 16
22 24 22
22 25 14
22 26 36
22 27 19
22 28 28
22 29 12
22 30 34
23 24 22
23 25 14
23 26 36
23 27 19
23 28 28
23 29 12
23 30 34
24 25 14
24 26 36
24 27 19
24 28 28
24 29 12
24 30 34
25 26 36
25 27 19
25 28 28
25 29 12
25 30 34
26 27 19
26 28 28
26 29 12
26 30 34
27 28 28
27 29 12
27 30 34
28 29 12
28 30 34
29 30 34
